T1 =[sqrt(2)/2, -sqrt(2)/2, 0, 0 ; sqrt(2)/2, sqrt(2)/2, 0, 0; 0, 0, 1, 0; 0, 0, 0, 1]
T2 = 

